198 Appendices
APPENDIX 3
Table A3.1
Infantry, other ranks, shortages, by division, northwest Europe, 27 August 1944-
28 April 1945
Date
Canadian
Infantry Division
2nd
Canadian
Armoured Division
27.08.44
29.08.44
30.08.44
31.08.44
3.09.44
4.09.44
5.09.44
6.09.44
7.09.44
8.09.44
11.09.44
12.09.44
13.09.44
14.09.44
16.09.44
18.09.44
19.09.44
20.09.44
22.09.44
23.09.44
26.09.44
27.09.44
28.09.44
29.09.44
2.10.44
5.10.44
7.10.44
10.10.44
11.10.44
12.10.44
13.10.44
14.10.44
16.10.44
17.10.44
1,999
2,495
2,522
2,612
2,645
1,000
1,960
1.450
1,478
1,478
1,794
1,727
1,727
1,550
1,495
1,482
1,553
1,523
1,464
1,299
1,408
1,452
1,442
1,470
1,267
1,165
1,224
1,058
973
934
979
869
753
820
3rd
604
836
878
875
752
736
737
630
666
770
741
759
788
806
733
814
783
711
621
602
673
802
809
761
816
552
540
464
624
646
749
4th
5th
522
846
846
831
761
755
761
706
706
715
872
719
713
641
641
707
624
629
282
318
324
125
106
112
161
182
179
150
94
119
103
Total
3,125
4,177
4,246
4,318
4,158
3,451
3,458
2,786
2,850
2,963
3,407
3,351
3,244
3,075
2,941
2,937
2,977
2,941
2,709
2,503
2,363
2,572
2,575
2,411
2,208
1,823
1,876
1,683
1,779
1.759
1,878
1,814
1,619
1,716
No. 2
CBRG
holdings
1,726
1,306
1,231
1,354
876
731
1,785
954
882
987
1,841
1,317
1,141
1,781
1,829
1,710
2,746
2,227
2,492
1,535
2,363
2,363
2,288
2,053
2,814
2,028
1,889
1,160
2,124
3,053
Appendices 199
Canadian
Infantry Division
Canadian
Armoured Division
Date
1st
2nd
18.10.44
19.10.44
20.10.44
23.10.44
24.10.44
25.10.44
26.10.44
30.10.44
31.10.44
1.11.44
2.11.44
3.11.44
4.11.44
6.11.44
7.11.44
8.11.44
9.11.44
10.11.44
11.11.44
13.11.44
30.11.44
29.12.44
6.01.45
13.01.45
20.01.45
27.01.45
3.02.45
10.02.45
17.02.45
24.02.45
3.03.45
10.03.45
17.03.45
24.03.45
31.03.45
7.04.45
14.04.45
21.04.45
28.04.45
852
681
652
478
474
548
657
679
679
755
815
858
798
803
803
803
3rd
548
566
415
410
385
426
533
670
724
768
787
776
805
678
519
424
169
4th
5th
No. 2
CBRG
holdings
119
131
141
274
294
285
554
557
571
635
615
697
635
639
127
Total
1,519
1,378
1,208
1,176
1,133
1,268
1,475
1,903
1,960
2,094
2,237
2,249
2,300
2,116
1,961
1,354
490
423
284
289
385
95
210
NT TI
334
421
687
129
156
NIL
74
72
Do 0 +
75
231
NIL
429
NIL
1201
64
NIL
155
NIL
191
102
225
108
638
Source: LAC Be 21 vol. 10,690 «Deficiencies and lande of Canadian To fantry Other Ranks
Noth West Europe, 27 August 1944-28 April 1945."
3,512
1,985
2,735
2,419
2,352
2,476
2,042
1,921.
1,949
2,064
2,070
2,358
2,398
2,748
2,754
2,000
2,153
1,325
1,456
2,323
NIL
20
3,131
3,414-
2,650
2,537
2,608
2,516
3,768
4,221
1.704
2,715
2,193
3,979
5,476
4,036
4,022
3,473
3,728
