PRECIS
NO. 2•
DATE.
2.
5
3
9
11
13
15
17
19
21
23
25
27
29
ARLEY
(Сером.
31
m.
S.
7•
25
14
23
1
7
1
24
Se
3.
52
4•
40
53
5.
5.
5.
58
6.
6. 13
6. 14
12
6.
7
appealton
EQUATIONOEIINE
LIKB I 3.
FEBRUARY.
MARCE.
AFRIT..
MAY.
S.
nt.
Ilo
sinus
plus
125.m13
3. 55
3.
3
13. 51
140
3. 19
3.
6
16
3.
14. 16
28
14•
24
14. 28
11
14•
29
14.
27
14•
22
29
140
14
14.
-
3
13.
50
13°
34
13-
15
12.
9
36
3
31
--
29
56
22
46
8
28
52.
55
Mo
6.
1+
5°
5.
40
13.
52
3•
26
2.
58
1.
1•
23
-
4,8
-
12
1.
-
6
18
5
4. 14
SEPTEMBER.
plus
6
4,4
1.
2.
23
2
20
4•
26
8
5•
53
6.
7•
39
8.
-
58
1.
24
50
33
22
9
2.
55
3.
OCTOBER,
S•
plus
10. 18
NOVEMBER.
me So
plus
16. 17
10*
56
32
7
41
13
42
9
34
16.
11
16.
2
15%
15€
57
140
15-
17
15. 34
15.
49
16.
1
12.
16.
9
16. 15
5
DECEMBER.
So
plus
10. 40.
9.
59
9.
4
20
7•
27
4.0
40
minus
- 19
1. 19
2. 18
3. 16
